

0011000 00101
1111000 00101
0100001 00000
0100101 00000
0101001 00000
0101101 00000
0110001 00000
0110101 00000
0110000 01010
0111001 00000
0000101 10011
0001101 10011
0010101 10011
0011101 10011
1000011 00000
1000111 00000
1001011 00000
1001111 00000
1010011 00000
1010111 00000
1011011 00000
1011111 00000
1100011 00000
1100111 00000
1101011 00000
1101111 00000
1110011 00000
1110111 00000
1111011 00000
1111111 00000
0010000 01010
0111101 00000
1000010 00000
1000110 00000
1001010 00000
1001110 00000
1010010 00000
1010110 00000
1011010 00000
1011110 00000
1100010 00000
1100110 00000
1101010 00000
1101110 00000
1110010 00000
1110110 00000
1111010 00000
1111110 00000 
