0011000 00101
0111000 00101
0100001 00001
0101001 00001
0110001 00001
0111001 00001
1000011 00011
1000111 00011
1001011 00011
1001111 00011
1010011 00011
1010111 00011
1011011 00011
1011111 00011
1100011 00011
1100111 00011
1101011 00011
1101111 00011
1110011 00011
1110111 00011
1111011 00011
1111111 00011
1000010 00010
1000110 00010
1001010 00010
1001110 00010
1010010 00010
1010110 00010
1011010 00010
1011110 00010
1100010 00010
1100110 00010
1101010 00010
1101110 00010
1110010 00010
1110110 00010
1111010 00010
1111110 00010 
